M	 BIN	  EXP_FIRST STANDARD    EXP_SECOND
1	 0,005209 0,056291	0,260834	0,002
2    0,006167 0,081125	0,302667	0,001875
4	 0,007666 0,073666	0,471125	0,001916
8    0,156083 0,136041	0,563541	0,57323
16	 0,149084 0,234958	0,632958	0,189417
32	 0,25675  0,598583	0,728291	0,235833
64	 0,121166 0,631708	0,98	    0,735625
128  0,472	  0,850292	0,622541	0,084292
256	 0,302875 0,460375	0,773916	0,109125
512	 0,029167 0,2005	0,414708	0,003542
1024 0,116	  0,267125	0,287625	0,003916
2048 0,394541 0,217667	0,328375	0,394167
4096 1,165709 0,939625	0,412125	0,883042
8192 6,598	  2,969958	1,238791	1,951375